100 4
2 3 2 4 
4 8 1
10 13 1
22 1 4
17 20 3
6 8 4
5 7 4
10 13 4
13 15 3
11 13 2
22 1 4
10 13 4
23 3 4
1 5 2
10 13 1
16 19 4
12 15 4
23 2 1
5 9 4
3 7 4
1 5 2
16 17 4
21 0 2
16 18 4
16 18 2
11 14 3
14 16 3
4 7 4
19 22 1
20 23 4
15 18 1
3 7 2
21 1 1
3 6 2
22 22 1
6 7 1
6 10 4
10 15 3
13 14 4
14 17 4
20 0 4
16 19 1
4 7 4
15 17 2
4 6 4
8 11 2
21 0 4
21 1 3
1 4 1
19 0 4
0 4 4
12 15 1
15 18 2
5 8 1
9 14 2
6 8 2
4 7 1
18 19 1
10 13 3
12 14 2
2 4 1
13 17 3
17 21 4
1 5 3
19 20 3
10 14 2
17 18 2
19 21 3
21 0 2
5 7 4
7 10 1
12 13 2
8 11 3
7 12 2
2 5 3
5 8 2
9 11 2
1 2 2
23 2 1
9 13 4
16 17 4
16 19 4
1 2 4
23 2 3
8 12 2
2 4 2
10 14 4
15 18 1
15 17 2
8 11 3
2 2 1
10 14 3
14 15 1
7 9 1
17 20 3
1 4 2
11 14 1
2 5 2
15 17 3
21 0 1
18 20 2
